5407
8717
2653
8308
8425
166
9486
5465
8664
4241
4386
202
260
4470
10438
1527
8550
7340
2358
10335
6791
5371
1960
9704
658
10111
552
1327
1564
9315
6705
8531
4663
7628
4977
1060
6039
1902
9117
1669
590
1044
6276
4727
2629
3172
5049
6201
2787
7325
10028
7101
4814
2895
7171
3129
2010
10083
1486
9101
8154
2031
9604
979
3915
9863
9526
3108
5582
537
4783
8293
7475
4709
3501
1300
6362
8821
2159
3686
5319
1076
3334
7467
94
5891
2832
362
370
9440
1711
7933
5599
6864
5969
5883
9482
2440
378
4057
8969
10413
9701
6328
5577
3871
9514
4091
848
2549
5164
9519
5973
871
907
1326
2495
1422
5727
7872
5955
10438
9287
2695
7301
7246
2736
4471
7682
3827
7893
3228
2824
6570
2858
7803
79
7136
8536
8614
8381
10138
8857
1193
1416
9763
89
4916
485
1006
4301
5893
6688
4233
7473
8666
4790
9765
9727
3135
1031
554
7956
1428
5387
8387
4238
3410
394
589
9199
3016
5954
7064
4877
5937
7931
2965
4550
7451
6928
1865
4569
3775
4805
274
2824
7553
3032
10331
6171
6166
1603
4573
3338
461
2668
7699
2248
2116
6015
5956
7228
1846
6396
6015
10490
7966
7755
8293
5775
7708
8858
2865
6516
2024
7680
2021
8859
61
444
9913
3596
6772
1819
4068
4901
3348
3446
6145
5630
8331
9385
973
1519
5964
269
3375
1875
8297
9312
7848
845
8760
4993
2699
8482
9256
8260
4578
2720
8773
9350
3507
265
3602