1448
2293
12
1390
1772
2589
1148
2009
2661
1182
151
714
1208
2652
858
2707
2275
252
343
768
1174
1460
2707
1355
613
735
2999
1238
1225
909
1832
75
588
1340
1666
2527
755
807
969
1543
2477
183
1783
2877
2373
2717
658
103
2887
2588
2752
1430
73
1221
2700
1037
2882
775
1754
648
2620
365
1659
2079
1539
1604
2229
641
1215
1650
1935
1446
1770
1840
2402
1182
1669
2674
1758
2848
3032
3107
1375
903
1036
2214
2187
358
603
573
1772
2191
1579
2430
1861
2038
2704
1400
1960
796
1558
2036
2404
97
189
386
991
1928
2380
718
1847
1857
1590
2066
1958
3106
1951
994
66
801
2126
432
1857
2802
527
2242
870
2221
594
1379
826
2153
163
1044
2028
1336
2987
1144
123
1500
941
2641
2976
1530
900
2273
42
894
1643
405
650
2678
3075
191
1373
2162
1622
121
1165
1038
720
893
1041
403
362
207
515
1917
1785
1937
1963
986
2021
680
2734
2915
522
1504
2731
11
2212
1712
2733
771
707
650
1768
2317
2804
2020
1067
1552
1143
554
737
1299
1003
75
361
2970
1697
3016
2009
2280
809
1216
2970
3069
1741
1109
2786
1311
572
994
1408
322
1248
2695
2788
2454
2516
1964
83
629
2233
2409
861
872
482
1719
1820
958
1188
1967
952
1564
1307
3044
334
173
1762
1297
587
2813
739
164
401
2507
1337
2281
1546
55
2427
1359
1486
927