39368
39596
7868
26136
18837
24577
1591
8159
1885
22293
34030
4118
5391
22701
28646
21086
9564
18060
22410
24140
6933
20047
21999
10899
37913
387
26605
17869
14404
28703
31091
2809
32393
23742
36046
21383
27349
36739
8378
10122
4200
38632
11843
570
26561
19010
1455
5774
30120
9133
26932
10092
1881
17289
16172
1622
3871
2794
2794
17135
19991
4808
20532
29102
3757
9988
16690
5459
22348
28360
6832
32160
11434
14179
31699
37307
2313
32896
2312
34420
33045
7763
1859
30817
8050
17215
14631
30950
25557
30811
8923
15445
18342
20287
12307
14765
38564
25378
37365
10278
36786
895
25516
7829
20543
12670
1164
21620
9819
27467
29817
11947
22424
5541
10598
32081
8737
21371
22871
31386
11484
36949
27674
27815
2685
21811
22692
176
2056
23437
6724
15935
24644
34769
27509
31134
23126
22280
26781
22422
21554
15259
38918
23851
283
1477
39772
31439
23056
35736
3660
29644
20606
19314
33883
32698
29514
16088
27621
33831
9403
33640
4301
39184
36396
1951
1535
15442
5326
20638
8681
39942
25506
24772
32909
38322
33654
9596
33931
13589
34303
537
13973
3131
31637
17523
29784
1934
23514
27234
18500
33066
37449
6226
25397
10217
24958
19961
31511
1993
24113
5932
10934
29981
11296
12161
14015
37712
25117
16528
32440
35244
19385
24176
25389
32300
30467
36787
25085
6843
25203
5802
33218
38727
28856
36449
29776
21611
35002
7379
17845
10760
1947
35400
21853
33370
3038
14470
25785
13196
17392
32247
39898
7908
30267
16478
25505
27932
36172
27665
24466
23146
32304
4249
30400
31593
31994
39984
9925
38323
30737
14667
23434
5917
13077
10828
6640
32136
23258
40064
35391
36438
25082
5711
13523
25091
16472
21534
3045
1354
22804
29023
8572
21984
23719
17229
38598
30369
37482
14363
15298
30287
36701
17713
17940
19315
39363
7168
22461
35110
5488
17296
34014
14019
24786
19502
20444
16718
18336
31866
10194
19010
1017
21009
9075
18559
34200
36806
18238
14291
38739
33107
7228
32006
7029
39882
27296
6024
8419
9242
4248
15952
1952
19237
22996
34566
36946
13720
22277
36270
12528
12366
7224
29136
13920
34214
35136
18334
10627
23407
37620
3878
22088
36024
6110
30154
2516
12915
30432
8742
31297
19685
20531
20674
31486
15799
14900
25945
32883
17134
27085
33989
18819
2267
20911
39247
38708
27450
36327
1799
13859
35693
34392
25554
38468
19937
8607
14489
30134
7098
4263
30030
22861
25284
4001
9746
27431
155
34841
19766
29032
7418
36317
21223
37511
26712
23546
26216
24946
19516
19998
2385
22733
35825
36360
24166
19845
8895
16762
4706
6969
18336
32467
39462
20923
18884
35875
19597
17113
25777
39779
32057
31553
25418
1752
10689
3964
2649
34394
29339
13998
11758
20139
9894
35094
9867
28797
37310
10551
35962
35934
11512
35900
19686
35059
24881
29046
4641
34198
13400
22001
30282
35529
33349
38432
606
2967
20620
35384
34116
6358
36951
22802
35510
12104
32821
37205
14793
9782
38094
861
25854
36760
6044
37202
7491
3466
16031
29111
7249
18357
35312
12532
30722
16639
4131
6720
30803
4010
6146
19817
13108
30877
13834
26601
12578
27494
2706
30777
3559
26181
16778
20015
28054
9928
23115
8425
31004
24803
33641
32786
13488
17364
19138
9688
23492
30117
8117
33307
9651
24899
32759
22538
8469
19057
30250
1268
149
5958
25371
9923
31419
128
10392
31981
7337
32067
16495
1589
36175
7322
16982
19913
28733
13708
59
29458
16978
32565
38864
19547
34576
2544
27439
9412
26332
20830
35579
33047
3543
9246
22471
12236
20437
14084
35974
32424
26141
4137
13443
34020
28709
33150
25016
31136
27107
30997
38472
25002
6558
10330
33405
15490
34627
21698
19906
37567
4152
27666
35222
34530
31244
4221
28564
9239
4962
1638
35859
37584
32036
26256
20900
24441
25900
30134
28132
6372
14658
15224
15285
15292
11684
36694
38775
13175
29827
10119
34532
5077
6691
7322
33583
31411
35518
1822
36796
37666
1580
22362
32899
37273
21162
19302
34651
8056
24780
25677
39125
33111
25980
39235
26172
26475
19377
34004
17430
26952
25903
21241
8579
11241
24203
19755
39147
31464
34238
2391
15704
11477
15138
14670
15275
31228
7494
35668
9089
9486
17292
542
22658
13011
8991
10454
6469
6658
18074
3998
10793
4663
37339
6169
3599
38681
1769
1709
33640
14375
39563
29185
35970
16128
14598
23610
21489
10405
37031
11235
5728
11869
8153
32881
16487
16323
15449
35599
32531
33800
4918
30747
36986
14668
31316
9386
25575
16057
13132
1106
496
4238
10683
22073
29048
36640
34935
12940
6776
19104
37662
6560
3687
20290
11378
630
15564
18949
11234
13170
11108
17455
33018
31098
22892
7907
38889
7477
30004
34069
6679
24554
38421
2509
3102
22283
33041
15663
6098
37664
35355
24085
29932
18973
13041
35716
18568
14214
8173
20191
38544
31221
39893
16641
11187
31218
20261
25074
11980
8242
14268
2364
15780
38393
7883
33265
40096
23915
10707
8034
34654
37990
5128
33660
31290
7673
5440
14431
24471
39675
5394
1103
28395
2815
27187
20828
35070
4099
14283
10699
27594
27088
3060
25460
12997
23586
9017
32871
39312
25863
20503
22522
5664
36637
19294
3999
32255
22428
35734
12474
16987
26051
27616
16052
18303
38976
38383
9730
33473
31076
35356
29655
32143
25178
29416
34131
32663
17944
17951
9522
3817
36132
22600
11722
24486
31358
36220
3752
27909
38588
27980
14110
14764
20616
23465
10980
30257
34894
7752
39448
17625
29276
39476
216
29132
477
17878
6757
24684
12301
24459
32380
24015
16584
5169
17868
13577
23634
20731
23795
24702
33214
13340
31201
5112
11504
29555
10549
24089
24236
3371
13053
35390
34053
8622
5515
10601
10754
3230
38473
10393
12032
37466
23801
2160
8917
27856
4048
16398
12089
38535
27329
158
33775
3127
20517
17878
13714
17281
40128
9357
9504
36503
16328
18814
36967
30378
33049
11158
26670
33347
14263
15852
31156
7163
31652
456
22552
35455
9039
391
29964
3576
26580
35086
6334
27200
24212
24470
17155
28667
17141
4989
1204
21041
16790
36981
5390
14426
10265
3577
20159
7351
9717
30924
35628
22074
30789
27632
30705
15806
33537
14798
14776
127
29035
26643
19140
21304
6012
20682
33731
30786
21125
15397
33888
23053
36101
21511
36265
32501
3880
17556
24904
16832
3535
38677
56
4802
33020
24818
32829
26998
24459
28998
6823
12521
17585
24835
33749
9493
20299
32514
3439
7454
925
20349
13036
6140
27979
27821
30663
36750
37455
16969
13973
33389
6517
1283
30399
14076
4046
25943
14554
14382
8251
22111
30306
17133
20762
33751
23875
10138
23294
20161
13346
8362
20024
34103
6614
23639
29080
35976
1226
1057
29184
30537
20657
16412
30517
33676
31594
39842
7005
12605
15680
1282
4018
10698
27179
36683
23773
3696
24639
36217
3428
31384
3405
20881
40041
25815
7705
36354
35107
37876
40014
11545
37544
38476
31782
25289
2597
10670
32846
8928
12008
9844
11925
25877
32288
14308
33066
8854
31781
34641
27855
35625
7818
1066
25969
33821
14469
24648
18861
16719
24025
24983
10882
15963
25763
3002
12039
33176
24973
24884
38726
22697
25002
2460
5296
33710
26608
38213
22093
31832
34643
36939
27351
20278
6371
39853
16096
12512
30802
17103
32116
24949
29286
21796
27509
10368
16795
4153
16934
12644
34194
39524
34366
24426
19515
22739
31583
12601
28139
25944
7908
21416
2716
32295
9315
27815
23141
1571
18752
6615
21645
31093
26290
5205
2071
34691
27639
36171
8344
20793
10944
25678
34485
19264
14581
37955
21816
168
18705
29565
28080
7563
31327
15571
20528
6695
2314
30800
10322
2845
3276
7263
2824
2040
27203
16541
11540
4769
7060
18760
17592
135
6266
31962
12103
15235
27096
16882
35579
19516
9378
27801
1112
10357
18570
9107
29476
6645
39651
9166
17558
35479
12474
35475
32658
4329
27898
19251
11022
24771
3438
37213
32875
14272
1841
31835
15259
20638
777
12097
36298
533
16872
8138
21777
392
34426
3815
99
19856
15162
10665
36313
18172
16261
33189
11105
2823
37673
20072
15559
4434
1177
35878
7674
1364
18987
17019
8451
37370
10304
20991
31065
14438
32525
18014
11942
38511
6083
25508
16333
14293
31856
21332
2856
16073
29640
35051
18579
38600
1888
4376
22909
16195
28976
3742
9827
36658
30713
20143
2215
9629
28316
13999
12674
28601
36527
5141
27620
37205
12911
19023
9779
37554
15022
27902
36353
33834
29498
40048
27573
10562
29819
25523
25226
29572
17875
24093
1985
25533
31153
34240
20684
35476
19874
29889
18793
21741
15578
20716
30358
28405
3154
5949
34825
25236
23227
39458
6512
39579
17090
20097
21491
21152
38024
32770
4375
38327
3863
19720
40188
15014
23434
18850
17018
20084
39878
19864
37595
35222
16542
4140
31731
34641
1116
16919
13658
12621
17084
39736
30924
29008
310
18698
4089
27726
29566
11773
7487
8563
35462
24578
24535
2117
9493
33275
35612
6961
22997
18306
9666
29983
4255
30998
36374
10256
16265
14453
19996
16511
26886
39386
19639
25181
40089
20874
16129
36780
8091
5947
18472
6033
25359
8839
28026
23652
9311
27870
27440
610
802
15158
17394
38467
4520
802
8398
37521
29880
32164
36284
14965
24035
3978
31597
2803
21388
28182
29396
22513
9082
25795
5530
32852
3648
29591
30036
34229
16385
26614
34153
25801
16549
28796
35295
3349
785
8476
780
215
34598
12923
16774
24741
5047
10773
20427
10417
5469
27329
29553
6954
1715
17919
32174
9303
2247
1315
21641
34299
29668
31978
33063
25524
32554
19279
22928
14390
33043
11609
8564
30963
25454
35852
34249
6301
34100
10170
5442
3484
15111
16566
10541
38661
33795
24741
9673
23440
36135
30541
4704
5720
12591
15775
35188
4376
17402
25056
6365
14067
19850
3881
20754
15761
22727
18517
14860
39316
12712
16656
38101
24386
31400
33047
32158
30123
33323
27033
34465
29556
13784
22461
28384
16178
22843
30260
6725
12377
22275
36756
17040
21751
2325
9662
37801
37755
33218
26721
39237
16766
23051
28612
24913
34239
24131
31399
5707
2709
35272
27236
5078
16781
25928
17767
23636
18273
11417
8142
28923
14397
12397
12989
19196
37125
31937
18379
19082
1074
38414
3732
2686
6921
35872
5325
13869
15192
11169
30515
26559
14349
27573
788
19693
9369
163
7513
4999
10175
26701
19007
25211
3579
27008
22368
28440
31170
2215
9087
36604
20318
14153
33286
13089
13543
35848
16313
26043
31172
17078
20876
11598
22774
20870
38267
22448
14351
1942
1484
4202
16668
35949
9861
12950
27765
28346
5481
11258
28174
21533
13417
14842
28293
29999
10086
35553
26662
19219
10277
30533
8010
37841
29987
10680
26648
21318
13006
33682
18604
13064
18969
36629
36551
17193
24158
38374
24140
17727
21136
2618
1901
20499
31763
39555
2517
22267
9850
16955
13715
12278
28012
24861
30499
37628
13430
38298
24004
36554
35208
38662
36372
5422
18715
31909
6790
26557
16042
16574
12061
34253
4986
9344
36919
3019
2204
7555
40087
16700
28877
29490
28809
26249
2684
39919
11011
19022
3095
24346
8060
17174
29654
31204
12284
17568
24248
30328
18880
11241
7337
9524
23157
30055
38363
10158
27913
4607
15056
37023
36164
809
30104
29910
34307
17791
19550
34291
10833
34005
39497
21185
25736
33183
12240
32401
24568
19901
28971
19852
19115
32626
35832
4797
20869
30813
36563
35215
9145
20842
17040
13473
36660
38886
897
28187
28029
3279
34377
29223
38156
35578
33092
24239
26811
38282
12548
5149
29865
4699
14815
19755
31087
31130
27967
17361
22885
13919
3104
35322
21677
985
2952
8779
38722
14031
2252
34244
29417
28699
28467
20157
6847
13822
2716
8467
13804
30429
25784
8322
28161
14023
39047
29031
34758
34590
20583
32866
39048
33025
25334
39556
35478
39313
30072
7942
4950
2380
34600
29993
16899
17864
32081
38783
29564
25352
6759
10728
15172
24209
39981
78
29626
27702
31501
9623
17242
9501
10966
12066
16726
2025
19955
29565
8941
39315
11927
6857
18488
25141
31948
22066
15048
6697
27145
26211
14142
30507
9261
16703
35712
14041
19526
19859
8335
27095
37712
5337
18988
11732
24513
6528
33659
30806
14051
8888
3803
16275
39360
23224
1040
9080
4869
33981
7231
15154
14068
7850
28987
13530
5951
33409
22058
34052
3813
31119
7244
19722
3699
25348
16026
30815
9042
35614
4725
36502
35694
4216
4762
40175
22034
3295
22552
9338
6848
7227
16578
30742
12252
10337
3598
12035
33301
39226
4014
34467
31761
1636
37692
28696
12378
31520
13340
28271
1116
7310
11627
13018
6220
926
17299
5435
10901
3645
9000
20881
6653
24444
7364
24542
32054
33899
36311
8892
31492
28246
22968
38404
34227
12119
17794
28854
780
11132
22857
30329
37929
19851
5346
3251
35429
21035
22464
5818
12170
24718
36894
18445
22345