5398
10035
6382
2020
9159
3085
549
6342
9874
10095
8674
9562
338
7953
3281
5235
5542
991
7862
2073
5684
3033
3116
2487
7348
2581
8116
5484
8999
7343
5715
9593
4878
9440
5462
1853
1463
3845
1054
1082
6504
3459
4437
9242
4744
878
8703
107
8848
1004
6000
7332
1165
6437
6457
1770
8924
1707
10445
694
6226
3466
5406
560
4814
5149
273
4526
8683
2466
1519
1871
512
8860
4862
7687
8131
9035
9871
6178
6082
9341
8028
3500
4014
4466
4485
7827
2031
656
7531
1273
9841
1827
1124
10149
4123
8162
6290
727
5326
6522
4966
10213
6400
1750
6073
6709
6539
1341
5199
61
7906
6900
7289
6928
9241
5400
3954
9384
6292
2091
704
9348
5579
7179
6118
10149
2224
1449
9936
9448
4028
4807
7370
1401
8664
4398
5126
9010
10379
10339
6429
4469
6132
9971
1331
9910
176
2456
3443
1493
6472
10245
2419
4907
6679
9875
5212
1728
537
8462
3355
4360
1900
9718
4173
7189
10231
9018
7087
2341
2291
9029
9498
1883
2606
9813
2930
9270
2214
6384
6125
856
1924
2257
506
8292
597
2655
7115
2618
9705
2657
10445
3423
3349
1217
4222
4740
2671
1530
2344
9504
7073
3242
3087
6635
7712
7676
5337
2514
3073
9657
7872
5628
4359
9762
5571
2701
5155
588
10155
7607
7875
3666
9475
7702
5317
8345
8766
9847
9339
636
5774
6734
4971
4171
294
9429
5159
3504
7254
7428
9953
7215
4302
4853
904
6795
3600
3048
7353
6639
2419
3825
10322
6769
3658
4299
5734
7017
2731
4431
6442
7099
2230
6036
922
5429
3459
7695
5207
8191
4483
3441
1694
7751
2113
2437
4091
6598
7458
1935
8968
5982
3474
2604
2788
5452
4450
5520
5905
5053
7866
2314
9530
4342
2510
4205
2960
8062
9939
7068
1513
10184
8560
5823
3914
4874
8020
8732
4713
6006
4302
5576
278
4049
3728
5607
828
5959
4347
8650
6448
2223
4156
5581
1328
7499
6888
430
3735
6219
9622
9227
8045
1968
4011
2820
5104
10413
2796
30
2264
37
7230
9550
8942
102
4346
5499
3457
9826
8435
5959
5947
7460
6673
8744
742
5341
5222
2846
3752
10075
6284
4652
10335
8815
3708
3093
2833
3624
3854
7851
1508
6828
6488
8284
1375
9541
2866
2441
3127
6664
634
3945
5239
8874
7062
9185
5917
640
4903
6484
1590
6682
10445
8759
7620
6383
7284
6315
2817
4256
10460
6330
3541
6399
5481
7630
2209
1696
7534
4538
2221
2263
7895
5162
2872
5201
5413
9482
3797
5789
4950
9365
2906
8279
3252
7342
8712
4533
9327
4975
5304
4924
51
9035
1429
2403
4006
6172
10307
6017
2958
4363
222
9226
8526
3089
1371
1456
9946
3797
1655
6545
1674
8615
3472
8596
2067
3289
3397
9351
8387
3596
9528
6631
6618
671
5961
6332
9256
2595
2431
196
9129
7240
7671
9614
1834
7537
394
6143
10109
8609
9150
1347
3225
6493
6380
8422
2222
3837
3441
8093
6710
1416
8329
2298
1255
3507
8627
2216
6946
6266
4684
6262
7025
3129
7588
9684
6827
6118
825
8472
1957
9288
2687
5022
7436
749
8482
6654
4806
4080
9186
1539
1819
514
1644
3252
7620
10247
3440
7835
9995
10341
9914
10169
10246
4738
770
87
3637
10155
9215
3036
7532
2400
7857
4513
7143
7005
9456
6776
9250
7009
10289
8271
3316
8384
1380
6580
6624
7819
7034
2103
1802
2178
2780
4524
5769
1206
5564
4706
2753
3709
2356
9721
2320
87
7740
7335
6060
6605
5044
1663
5530
1152
8826
5927
388
8263
2148
1592
43
821
9679
10425
662
2902
6453
5923
5419
3971
6243
8649
2282
8762
2838
7283
275
1066
10412
7734
7961
7761
3979
3025
4388
8729
7168
7845
7418
5277
10003
5384
1349
2917
5314
430
10099
829
8398
5610
6532
3778
5685
8798
4917
10160
1807
473
7002
4032
2651
629
4954
6419
6830
2786
2317
7045
1875
2933
6964
7673
33
6658
5231
224
4658
2087
6014
4544
6904
4459
654
9962
8105
6438
6650
5399
5346
4010
3441
4842
7496
2398
4668
4704
10315
7058
9047
3297
4910
8775
9062
1110
7879
1024
6026
7830
7647
3852
8452
9029
4258
7937
6043
5280
6600
9193
6676
4410
2797
1160
2349
4511
3430
8726
6019
6987
8375
9575
9372
3313
3437
5776
8130
1808
663
971
9491
10269
3838
9071
7300
5896
9507
8982
7814
8582
1536
3413
2363
2997
9305
3002
8155
7656
9715
10239
4413
7492
4259
6188
7343
9512
7718
2758
10241
2336
6665
4676
6841
1352
7437
3140
9658
9500
4688
7550
7943
2139
144
4391
7827
7933
8293
6291
748
7598
3657
3261
5895
10328
3153
1426
6625
9321
6024
8021
7977
6544
3045
3618
6014
3299
4952
3035
6243
6380
5020
7303
1845
557
6829
8186
747
8943
8387
8019
9121
6135
5718
2768
3943
544
2023
1680
7102
9535
8332
7401
3946
2735
3839
3553
6783
8174
9600
5405
1946
1349
31
6718
3056
2684
5861
3758
358
7917
2193
2140
756
7766
1184
7708
9767
5446
2422
1614
5391
1653
7310
5989
4850
7293
7157
1910
1182
6568
4615
8292
7178
8825
7397
4830
6851
8704
9338
1669
9196
7876
6395
5675
5836
3949
10141
5569
8775
9466
5901
8708
8188
2760
9452
5373
452
4425
3339
3890
7934
9887
10001
7282
5985
9522
5809
6973
6522
6554
2122
9661
6659
8985
5630
5740
9751
2674
6478
1946
10158
4409
280
6366
3969
8642
5251
1395
384
6439
531
6917
5619
5799
9261
8559
10037
699
2340
1294
1105
6493
2522
4742
10247
4925
10269
1249
8744
3471
6802
5985
6070
5029
7214
4712
1096
2972
2569
3649
4924
7504
6191
4897
9548
275
7345
3318
1183
3686
6681
10490
6543
3590
4720
7765
7795
5166
10384
4841
4958
10199
7673
2855
2144
8077
2919
7461
10191
7983
522
2494
1959
1631
5456
8995
1995
2400
4576
5471
1692
4422
2132
5917
1483
320
3007
2095
781
4000
9949
8467
2545
5017
9519
8260
3107
8351
7119
9184
7765
5725
4295
1205
3784
105
3819
5099
9139
8504
7736
2231
298
9103
9257
8179
5253
9937
4441
1645
9377
7223
2903
4072
5453
2497
3976
5205
3267
4780
3793
8374
4940
3599
9621
5547
5630
6608
1336
23
7150
3370
939
1231
1534
7819
4351
64
1761
6282
5089
6259
1990
742
4071
6308
7281
9955
9482
9512
3992
5976
9421
545
4921
5234
7124
2870
1379
8401
1841
10082
10211
977
2423
9311
10239
3178
7100
2288
4331
267
3234
9741
3353
3821
9355
9704
9062
4422
1697
10408
4245
1240
3190
5353
8420
1454
2128
9575
5169
3719
10314
9576
204
5022
3770
4266
7492
970
2713
3671
6501
8058
7702
4122
4391
7825
8590
2585
4159
7222
120
7715
4795
7503
579
5948
2515
158
4056
9333
2800
3764
2248
8748
682
6565
1885
1039
8937
7106
6458
901
475
1798
10073
364
10329
10310
10430
5576
1026
6939
6883
8718
4881
2933
4702
10299
9331
9536
9795
7048
6308
3374
9160
2447
8948
8280
5899
5636
6578
7549
1974
576
3175
5511
5056
3162
5541
897
3612
211
7643
3735
115
6385
8207
4699
1141
2357
819
4084
1533
5279
7256
235
353
6872
5035
3882
4865
1019
1340
7698
924
4598
5978
1955
381
4649
4213
738
3846
8664
7257
8357
4511
9406
10166
1032
402
8485
2107
2529
2499
196
5013
2183
3189
2536
8928
3418
837
10184
6175
9697
1015
9689
624
9006
4488
5890
4031
3916
8244
1479
2217
3007
10496
4296
10255
2825
7234
6332
9158
2264
3171
6839
545
3466
2599
9906
4112
5525
1311
6024
6958
1288
3382
921
1157
6651
3291
3054
4435
2473
6761
3848
9121
682
9985
7018
1389
696
1681
8194
3888
5570
2423
7593
7997
6067
3499
7442
9175
3867
2400
5458
2379
743
3424
7550
10184
2974
8221
2734
2076
4782
9618
9577
10338
3234
4155
2585
9570
6650
6931
10433
8430
10353
6071
1338
1768
1360
811
3282
8734
9312
7574
8404
375
7385
6195
1413
9594
7989
2720
10310
8438
3488
7700
8779
8770
9740
2688
9132
7097
9891
6567
5533
4641
514
10083
6110
8150
8028
4750
9206
1141
8778
7151
10495
476
9925
2157
1644
5076
1258
10029
9487
6796
1047
9170
7110
9941
8178
4269
2367
6766
1685
9768
7870
6343
7473
6937
279
9642
2925
9564
9836
8863
3498
6002
668
857
5024
9369
4889
6622
2755
5902
5482
7267
9324
143
9292
6241
421
1843
7104
6089
5677
756
2350
146
6128
3765
4237
1407
9259
5505
8111
201
4657
7652
2378
1753
7136
3417
7049
6724
4012
7672
945
9855
5837
7018
3814
9587
1465
10260
6861
478
5409
1099
403
3741
5032
6466
2933
6207
633
720
6793
9045
3706
7226
8209
2897
10115
575
1726
2284
5248
7444
7211
9148
4025
3834
5931
6815
5230
7963
1107
9184
10071
1045
2573
7388
4582
8258
2675
2767
2881
8577
505
9894
110
373
166
3619
9695
8924
9632
9510
3874
1170
9041
9565
6600
679
5664
4844
5871
6475
5460
1345
8865
2827
7085
4443
500
10211
8207
2062
2908
7572
3710
8689
9728
173
5778
7552
504
9696
9185
2270
1135
6266
6447
6335
2510
4893
4226
1326
8728
1958
3547
1170
3755
5976
6405
1893
2542
1552
3712
8730
10055
6720
330
4931
9391
8500
6751
9386
5980
2639
2407
9944
2554
6374
8913
424
8992
9549
2763
3462
3664
8920
7622
4103
630
10365
7000
8759
4679
4834
10358
6305
9827
6032
3735
8747
3612
4248
9421
4616
1798
6147
7174
6322
226
7089
9313
9149
4840
1245
1432
7806
9127
8064
7216
6451
8399
10173
9288
5464
9226
390
372
4024
13
3492
6815
3347
9826
2178
783
7360
491
9279
3520
7555
7732
533
4347
9214
1059
8124
1244
7707
2976
7028
1114
7341
3702
6484
1629
4457
9496
3612
10430
3199
3043
7475
1286
642
3824
9425
3727
8922
10232
489
4464
9969
9633
7390
2694
1671
10044
9492
993
5586
3368
4845
5188
3604
4708
3157
3943
9175
5328
3783
9542
8196
3786
1417
10416
1824
1063
8272
3797
7178
6012
6654
7558
1571
3426
7459
9157
4794
9638
7194
670
4092
2331
9862
9972
4782
439
649
10190
828
7880
1907
492
9812
7455
4374
4999
9017
5167
5457
53
192
412
2027
4537
789
990
330
5566
7403
8561
5733
973
9915
7394
5941
10452
4602
8297
2750
5446
84
6982
1423
10176
6877
1667
9700
2084
10404
1543
48
5978
2601
6594
942
243
7696
4216
2166
1501
8533
8410
6080
8243
6067
2700
7253
3321
3110
5690
8517
15
10303
9802
9450
9294
3392
8566
6875
5169
7419
5097
467
9886
1301
10407
10463
10456
7237
2392
9740
2252
3828
8717
8887
3422
7438
7735
3343
6098
3160
6174
4553
9240
8968
9478
1464
9485
9732
3854
10212
8793
1053
3496
1895
8367
5571
7771
5186
691
2307
7623
718
6321
1267
70
49
1262
3236
7441
6165
4935
1002
2897
93
557
9563
10479
7782
4557
7259
8715
9601
9987
2368
7569
2476
2945
351
10132
6750
4787
968
9987
562
267
7673
9508
8734
8985
1400
2750
7140
338
6219
9567
8668
5401
1498
9124
3423
560
857
3113
5535
4013
6083
1415
6807
6613
3696
5310
4043
5955
8768
3931
2606
5773
7759
8721
1767
6537
1699
7891
5864
2347
2966
2271
9183
7090
8887
885
2033
674
7167
4281
5209
9301
533
9673
3958
867
8223
7288
949
10084
1632
4048
7682
8848
8960
3766
1104
6137
10445
8292
2639
7728
7740
8674
6448
3092
902
9590
1222
9259
9011
10392
547
2932
3317
366
4006
2158
3588
8971
3310
8482
6237
6434
4369
5263
5455
4680
6199
2921
9018
1035
6473
211
3315
1572
355
7625
5948
6399
8599
121
8043
2709
5985
1381
2708
3584
2384
9222
9212
362
2969
6368
5661
2121
4699
7787
9291
10448
4606
6695
995
4973
7495
4055
2867
3918
4215
8031
2113
341
10366
2555
6599
3220
4361
4656
10052
3002
7695
4164
799
8773
1730
3616
7562
3072
9606
9953
726
911
2436
2482
1211
9588
3314
1013
2272
3611
697
3789
3703
7926
6304
7717
422
3945
5371
9804
5764
8595
1626
10329
9426
10352
2022
5163
9711
10466