1283
497
1431
2960
890
176
2870
2947
226
873
916
2147
1401
2481
1725
2937
1218
2227
1857
1874
973
2818
3083
789
2992
43
718
850
2542
239
613
443
205
249
2189
544
2350
621
3053
647
2943
1357
1452
529
2018
3064
1022
1289
929
2913
2240
25
922
954
320
2489
2938
2689
697
201
416
2951
1294
2925
843
1652
625
1427
1412
164
2410
1904
1831
1062
761
2454
2994
1859
470
650
1933
126
94
750
2839
1183
632
2857
1442
2423
1916
2667
101
2768
1078
1026
1440
353
2072
431
2618
217
1831
1278
859
78
950
1737
1869
91
2359
802
641
1104
1500
2457
1931
2728
1014
293
1764
2503
2487
1634
76
268
2072
123
166
861
761
1329
2051
1760
494
866
1714
878
447
3123
2439
2398
83
2693
2632
2869
11
1279
1252
1942
2069
1344
1692
1717
2601
1417
1706
2744
507
620
3046
429
719
2383
1932
1301
1053
2763
2857
687
1037
614
2253
810
1764
2667
1288
2929
328
17
1047
220
2641
648
1117
2576
1190
2609
2200
2570
1725
1397
2912
3111
2752
2407
65
2852
2277
2155
439
2603
731
2174
1857
2442
474
599
480
3100
802
1090
101
289
728
2301
1089
2069
738
1741
1147
2407
1979
1282
480
1657
1797
2783
2035
928
399
1139
2419
2768
2196
1419
492
1744
322
857
2892
2214
2716
1126
1091
488
1558
1365
1815
424
1698
1699
1900
1743
1828
1596
315
1597
3114
375
147
235
2356
1033
2929
1308
3098
2688
2394
2138
1488
266
1708
184
1860
949
2545
1262
3113
50
241
1176
123
2899
2026
517
529
1252
2668
37
154
377
2767
1
2656
1453
2876
2462
1934
2858
2097
1709
1842
2820
3033
186
438
574
815
3032
861
2423
2126
2713
1534
2791
1313
1337
294
2117
176
2780
2491
371
1574
1959
1845
423
1691
1712
3125
1425
2088
1636
2132
2300
2273
209
2898
1008
1998
2544
739
2202
1323
2115
2053
1892
1317
955
1375
1168
866
2309
2058
1176
1519
3097
348
1237
1472
2769
2571
1442
600
2790
1097
466
1495
221
639
1794
655
1736
746
594
1001
1212
231
2042
2758
2905
1714
359
2307
430
2411
1004
774
2252
681
577
1457
551
1117
733
118
1307
1738
1865
1710
70
947
2745
1794
3063
1689
228
531
2335
2695
151
1360
402
1255
129
1353
1308
621
1192
1806
810
26
793
2763
2226
662
2877
2289
1962
2747
2778
1533
2349
259
2304
2310
1954
1663
608
2504
23
762
39
2700
1369
1827
198
500
2333
51
1370
1725
1875
495
2971
618
1982
682
60
1042
1022
571
1316
606
2271
3012
2355
496
2394
1212
2187
1380
1475
342
719
600
3100
406
1792
2505
2888
1953
1572
859
2502
151
1560
2464
61
492
593
1965
769
344
1448
1226
1626
73
3086
2981
2028
2749
119
608
1393
2290
1492
2674
314
463
2470
2979
2317
2254
799
387
3033
2423
1819
2946
2937
2519
2338
518
27
2098
1904
2114
654
1440
1154
3099
39
2890
1741
469
2862
95
1730
1292
2334
2379
398
2600
1362
1179
1118
1683
952
2824
2538
2309
1446
3058
1111
2590
74
119
2285
1942
683
211
812
2828
1958
660
1367
2881
530
491
319
1480
2728
447
2594
626
764
2823
2463
2005
2107
1580
1136
900
1140
1523
252
331
1749
14
720
681
1323
2610
736
2118
2289
787
668
1671
3020
2296
1206
1780
2331
2461
2427
636
2287
62
2715
1082
2616
1594
1799
617
2639
1535
2399
48
1666
3037
928
966
386
2642
503
1116
2509
94
1105
453
777
603
2757
1599
824
2253
1517
0
241
2709
2527
169
187
3064
696
513
2388
2812
1599
2531
1456
1540
366
2809
2770
359
877
643
1998
2193
2500
1069
550
3014
561
645
54
40
1228
1191
1984
727
2012
582
2227
1321
2856
776
1825
821
2817
863
843
2393
2286
2719
56
622
385
1494
1085
3042
2687
661
2720
2708
1267
452
2937
1468
1592
2186
2153
2575
1139
789
2455
2012
2573
1522
1234
440
2797
165
3054
1653
176
968
475
183
292
751
1623
1374
966
3054
577
428
799
2165
68
563
1992
1887
119
708
2298
1219
1427
2186
568
341
2274
506
2828
756
2090
1456
591
2760
93
2260
2128
1891
854
548
1968
1888
2037
92
2615
1153
1985
1385
515
2866
2117
139
2049
2555
1043
1105
275
1496
2222
1832
1842
380
1570
2972
1042
2739
2690
1055
1711
1164
2657
848
1767
1449
1571
1816
1838
2299
604
926
1098
3042
2428
550
2624
125
667
477
2157
2131
2179
2685
1542
299
2007
2497
1072
280
2460
1983
1354
546
1443
842
2723
1592
1094
1408
910
2273
1500
1888
2930
2458
409
2425
798
2031
1933
2748
1637
1115
192
2035
1564
633
668
2307
2420
2925
748
988
2758
806
2271
139
2787
2129
1673
700
2032
2590
1766
81
1325
2279
255
1148
570
2038
2653
2445
2663
1571
420
920
2696
570
2057
2432
2762
656
2520
2885
1092
525
433
2659
2004
2257
2459
716
989
2587
2698
182
1555
704
661
2556
1606
3002
1528
2301
193
1061
2711
1761
1419
2370
95
1015
891
269
1848
1877
1842
1415
438
1827
1987
1807
2946
844
200
2109
2081
480
2305
173
1350
357
1085
2437
621
505
125
1996
2250
3042
954
1201
2490
372
1629
1242
340
1474
2620
1098
1120
762
444
317
1230
1729
326
1364
1583
550
811
2431
1826
617
1802
2202
522
1029
2866
1709
1890
1021
2821
1869
477
1460
1665
193
2145
1857
2294
561
317
2943
3066
1463
358
1075
469
184
1927
1912
265
2153
1229
2150
790
846
2160
2460
391
1561
297
2808
2453
2021
463
1469
1919
1914
1275
976
139
193
1103
622
990
699
860
2246
344
2008
2381
1673
2225
470
432
66
2304
1495
2326
2408
641
406
2314
1685
640
2431
2701
1233
2783
2485
1986
881
1870
1494
2112
1616
2213
882
901
609
1802
1128
73
2561
677
2235
1822
2988
807
1933
1735
2491
2878
2240
2721
1314
99
1374
2379
2443
992
2931
2493
2093
2750
674
2813
23
71
1361
3031
2004
1194
741
328
1614
2512
309
1089
226
3100
495
2285
859
2578
1591
2220
1895
978
1337
0
2233
752
2922
586
2004
2263
1785
226
1868
2460
478
630
86
1281
2119
1304
2522
924
2704
1737
96
841
734
453
970
2858
2675
780
308
2337
1181
2597
740
653
1519
2488
584
2123
2911
9
1880
1888
3047
2306
1479
320
783
1389
2132
401
464
1488
1956
582
898
569
3051
2781
60
2818
456
658
115
370
1121
1447
1190
339
2895
2476
89
224
1287
2410
793
1554
1518
2103
1544
682
3022
407
541
1902
2974
2395
2381
1543
586
181
3118
1041
971
2626
1602
1413
2924
730
2730
1938
2162
2396
528
509
599
1529
3101
2519
3071
2081
854
2456
2287
1216
1162
1658
577
524
1589
1409
1502
1847
385
1743
1628
1019
890
841
1490
1255
2892
2217
807
1691
432
268
1632
958
2795
2467
835
1279
602
1158
882
2982
901
925
1927
2373
1240
2981
445
2825
1292
74
1728
586
2174
692
62
1385
309
583
2819
721
1833
2945
367
1396
1727
2331
2604
352
1142
1023
599
3123
286
3001
2875
1021
1134
605
2063
1137
2904
263
2396
2278
983
1040
1971
1566
1611
1670
436
741
1071
22
852
1714
798
2939
1235
2324
1254
1759
119
1851
1512
2269
367
2151
2172
2151
2939
1793
35
2057
1362
1640
342
416
1369
375
2393
675
803
2139
1679
134
2482
768
1393
2746
1471
2099
1219
1009
714
3076
791
644
260
125
690
1701
3024
639
1519
1462
2998
1328
1591
278
2455
2806
1435
1277
3093
1453
2927
779
1352
1432
2917
2621
1746
1557
1649
851
588
2867
501
2533
297
2650
475
3117
2784
916
1277
2571
2455
2734
2910
54
2378
1842
2961
576
2241
1592
1224
1346
34
662
388
1714
1322
1475
2742
2291
972
1280
367
1804
70
954
1787
2476
250
724
315
1461
1441
907
1730
2694
1846
406
2526
406
352
450
2498
1954
685
2316
225
2760
1795
849
2638
1757
1873
1669
1670
223
2065
1341
194
1690
1894
1063
167
1110
1131
1500
783
378
502
1033
2973
987
2868
43
3073
2226
412
1472
629
1780
282
1513
610
2692
101
2171
765
2382
977
2955
2431
2238
1365
1107
1537
1239
1599
2853
2918
2694
1237
517
2784
1905
3042
1749
1390
1585
2896
2605
1750
2992
1559
2766
1320
1062
2005
2666
2601
2211
1979
1556
1261
2210
1725
2677
207
771
1062
298
3115
872
826
822
1722
999
3019
1900
2935
1720
1025
2856
854
2189
2876
2257
2918
815
196
194
409
970
1964
2324
204
317
1693
2002
408
1708
1859
2667
1663
2447
1522
1053
728
2848
2778
2090
10
2705
1428
127
1416
2309
537
850
2652
639
893
1576
1385
1599
1161
2100
2922
2445
2134
2293
44
1623
797
1959
2688
2362
1832
2907
108
226
1915
1283
1143
1348
1165
2796
925
972
625
1145
461
2443
1135
2014
717
186
2986
1155
3066
1341
353
626
140
2734
814
1901
30
452
3128
856
865
1564
523
2536
2107
774
2602
1025
2507
1437
2212
981
3043
1394
2311
1527
713
1002
2851
2040
412
2984
1181
2761
168
2756
1346
3024
2122
2752
1623
2073
2939
420
667
2523
592
2007
370
2292
73
1308
2447
69
1988
2000
1303
2002
2262
192
52
2768
2130
1597
1348
1116
2458
451
1734
1698
1616
516
2242
2814
3081
1597
2766
2667
2632
937
293
2739
1487
31
2132
12
2928
2144
1084
1077
2830
855
2505
1237
1331
3108
152
1475
1143
2719
1800
1932
2847
408
417
2258
2958
2261
2471
358
1839
2429
1717
522
2593
514
2426
1001
1791
1617
1647
1420
1699
2892
922
404
2022
2509
2332
1535
1832
2261
86
1299
2850
1416
357
679
1964
2200
3065
2213
1414
2670
3019
999
2983
133
2416
2724
173
2093
2430
2294
2410
524
2384
2119
2090
2592
2370
2825
2651
1949
290
2475
1878
17
109
353
2205
1926
3022
2088
1667
285
2902
1977
135
1570
2447
3086
1066
158
2130
1639
1629
2677
523
844
1259
658
342
365
2711
423
817
1488
2878
620
1595
2918
96
1479
2640
1733
1411
2926
363
772
2993
187
269
1182
1962
1756
1593
1299
2151
2870
665
2499
675
2687
1917
1767
1114
1950
2984
3082
3125
2383
126
1727
725
1294
2991
61
1067
1622
1957
129
251
1307
2922
904
589
2416
1908
2964
1698
1245
1607
70
224
1667
2989
768
667
210
2915
1243
3126
2513
703
2795
1036
1454
1381
2674
2530
2756
2394
2451
2936
948
2464
3063
2204
1198
418
1733
524
604
2265
2503
1683
504
1722
2943
323
2324
1274
3040
695
1501
2644
1987
2367
1912
2494
425
2603
995
1292
2960
2433
1048
2620
1571
1126
162
1002
1538
2497
1326
740
3080
876
2664
770
1159
2167
2973
285
924
318
1553
1406
1073
1969
469
1481
2890
414
2569
858
77
2105
382
1432
247
809
709
1809
293
1227
1519
1763
218
2779
491
2726
724
696
57
189
2472
2492
2898
458
1666
1468
1363
2256
3037
999
1683
2293
1749
1054
1542
250
3019
1140
413
443
888
207
2631
929
2464
2904
385
1792
1775
3082
1276
413
392
717
1331
289
176
310
1524
2677
2577
2378
681
2174
501
2428
1142
578
718
547
538
2648
1783
293
355
386
1057
715
2921
2517
451
914
1848
50
49
2044
102
1420
2784
1024
2650
1679
2508
1541
3127
976
942
2172
1851
1967
2108
2425
953
2359
309